220640
220657
220665
220699
220707
220715
220723
220731
220749
220756
220764
220772
220822
220848
220996
221002
221036
221101
221648
221655
221697
221705
221713
221796
221804
221812
221838
221853
221861
221879
221903
221911
221929
221937
221952
221978
222000
222018
222026
222034
222042
222059
222067
222075
222141
222265
222422
222463
222489
222620
222653
222695
222711
222794
222802
222810
222877
222943
223024
223032
223040
223057
223065
223081
223099
223107
223115
223123
223131
223149
223156
223164
223172
223180
223198
223206
223230
223248
223289
223297
223313
223396
223404
223412
223420
223446
223487
223495
223503
223511
223529
223537
223578
223586
223594
223610
223669
223784
223800
223925
223933
223941
223958
224014
224022
224030
224212
224246
224345
224352
224451
224469
224477
224519
224667
224758
224766
224774
224816
224832
224840
224865
224931
224998
225003
225011
225169
225250
225516
225532
225565
225581
225607
225615
225631
225672
225714
225755
225789
225805
225813
225821
225870
225920
226092
226175
226183
226191
226423
226829
226837
226878
226894
226910
226969
226977
226993
227009
227017
227090
227108
227223
227306
227314
227355
227405
227462
227488
227603
227611
227629
227637
227645
227694
227702
227991
228031
228049
228155
228163
228171
228189
228346
228353
228361
228379
228387
228395
228429
228494
228502
228510
228536
228601
228635
228650
228684
228692
228700
228726