0034233
0034288
0034324
0034340
0034373
0034383
0034431
0034449
0034466
0034478
0034500
0034514
0034534
0034540
0034597
0034627
0034633
0034700
0034910
0035016
0035131
0035297
0035303
0037560
0037574
0037885
0037905
0037935
0037949
0037970
0038002
0038046
0038127
0038154
0038178
0038206
0038226
0038238
0038246
0038269
0038279
0038303
0038768
0038816
0038889
0038947
0039055
0039152
0039422
0039851
0041311
0041352
0041543
0042051
0042234
0042251
0043101
0043503
0043552
0045654
0045732
0045856
0045898
0045989
0046136
0046169
0046219
0046292
0046318
0046326
0046342
0046359
0046367
0046433
0046474
0046508
0046730
0047340
0049813
0049872
0050021
0051466
0053510
0054338
0055436
0055493
0055507
0055659
0055754
0055844
0055893
0056008
0056109
0056491
0056505
0056513
0056717
0058511
0059089
0059204
0059238
0059287
0059428
0059451
0059501
0059519
0060469
0061531
0061770
0061804
0064766
0064778
0064917
0064927
0064937
0064962
0065153
0065173
0065207
0065237
0065258
0065280
0065324
0065338
0066039
0066070
0066094
0066110
0066250
0066367
0066385
0066391
0066437
0066544
0066577
0066587
0066854
0066884
0066902
0066916
0066922
0066963
0066973
0066977
0066987
0066999
0067003
0067049
0067076
0067098
0067128
0067201
0067229
0067250
0067296
0067304
0067324
0067330
0067342
0067367
0067379
0067391
0067401
0067427
0067435
0067443
0067468
0067522
0067571
0067601
0067623
0067639
0067641
0067700
0068243
0069304
0069379
0075919
0076299
0077172
0077362
0077735
0077855
0077875
0077909
0077917
0077925
0077933
0077941
0077958
0077974
0077982
0077990
0078006
0078022
0078030
0078048
0078055
0078063
0078071